seadra can be encoded as the following:
656755
432542
436342
428422
135446
422657
557446
125527
452428
526322
557425
638757
657627
638556
532456
422557
136342
152747
527347
456756
135626
152342
132447
458455
558325
557447
438627
537648
532642
655755
525758
526557
636456
455727
656357
426328
558457
138628
457648
152455
435655
152655
155542
137326
657755
658758
156522
425748
457358
127728
427657
428652
422347
656442
427552
458446
128528
552558
658528
125758
556427
127748
457747
452625
427558
156645
452427
637526
127727
632648
438642
526428
638652
126642
625358
125757
627357
432342
558656
627325
128745
425558
535527
655357
555747
156648
435357
556352
658748
435527
452547
425755
437322
625525
428547
157645
452628
125546
526648
555627
158622
438428
132325
532427
157422
452357
552646
637322
436345
457625
126427
436726
422647
625458
455546
428752
638726
627746
132358
426655
658355
422455
537642
158658
452322
522748
135547
637328
552557
425546
137752
656525
157755
535752
627448
527552
152546
527742
622328
452658
156358
152726
452627
628552
122552
156622
425346
426322
625425
555645
525326
636355
157556
132547
125322
656752
425422
122357
536447
458556
428728
535756
625427
155658
422658
625325
538426
155347
636345
656748
432345
135758
138545
655457
438728
557722
657452
536642
552726
552458
436355
528546
457446
625642
126447
557322
152348
452455
427625
622346
626426
127328
127448
622327
636427
126747
422322
555628
452352
437647
537725
135647
435752
637652
127725
537547
536352
525642
435326
458356
628346
652452
528747
526755
422725
158558
438457
155457
157748
436642
638326
622542
527356
628728
655645
532348
657322
532652
126355
657356
456558
435457
636442
125445
436546
132726
537627
522547
628756
132426
135745
637657
527452
556742
432728
528652
136545
156445
157742
636626
532758
556428
128748
135425
135625
128747
537426
527756
438446
656656
138725
537555
535746
122546
138325
522345
452552
536645
132352
555755
138757
457727
625428
427456
456346
437645
157456
557548
425728
126357
157656
528527
128328
457642
632347
435356
436428
427352
657358
658526
636447
552642
637525
432725
437355
156657
138525
138746
632646
136426
126458
536356
656342
127648
628458
436545
625327
457456
128447
536342
435657
556426
132758
656346
452525
625722
528558
532647
157455
135348
526627
638546
536445
427647
156346
452555
428447
438525
552552
652325
637756
552426
652346
658646
522452
457455
632727
556656
158556
556442
125425
626722
428558
626546
528548
135556
525322
556445
527447
426458
627642
428452
158422
125457
437526
455527
652352
535346
155556
132728
626756
635758
637757
427357
156527
157345
438526
437727
452745
458542
428325
636747
655657
525622
658556
158445
557757
525448
457725
635426
537346
557348
128427
527556
155328
622647
552342
456328
657552
156545
625328
626556
656355
135427
522627
427747
422525
128347
635742
455548
427347
432348
532727
627755
652748
637348
152542
528725
426327
125422
622352
427422
156546
558345
527658
125348
532527
552358
637442
655542
155726
525626
156722
136528
452622
538642
122758
158546
128557
432328
432627
658425
557755
652645
122556
426747
528752
158425
557428
538355
658448
538728
535656
536755
157325
428442
155622
532446
457348
122328
132657
438327
652745
458558
128428
432556
158727
537755
136348
457522
458526
526748
527657
528755
152725
555356
622345
522552
122447
422446
526647
136548
622626
537722
637555
625352
555445
122745
432655
455456
456427
127652
432422
138342
626328
458448
628548
638628
657325
626525
135555
635652
535452
657527
435542
522645
536527
558347
427328
635657
525357
527322
556552
136457
528452
456345
158548
556358
158557
527428
438755
558552
628347
657657
635727
427355
557547
555456
128746
635447
652552
455625
632456
657456
622347
138655
656348
136555
136742
657558
527725
122642
435746
537358
457745
436757
625646
152625
155656
526422
436556
637547
557455
126755
637647
438652
557325
436747
556648
557347
535446
132652
435726
552425
128345
656746
556446
537658
422427
537342
627322
538726
526552
458548
138552
432558
638725
532322
156558
558655
522322
552522
428645
525546
538425
652358
635645
556628
435448
157457
558522
422558
427626
525747
437447
438657
137647
437455
422426
636325
527327
432448
456552
137756
556347
425452
132542
632346
638425
138327
532328
522657
128455
556622
135742
552652
538628
552528
438357
425526
558455
538347
656725
627327
132742
432445
556345
126428
156758
625658
135457
137328
438427
136627
628522
152422
128525
457327
557727
426358
438742
132625
436558
428426
656527
526752
137626
437458
557725
157348
632348
656447
558426
127622
532455
525342
628545
558545
636726
127742
138642
455422
532358
128725
638325
532558
535547
522342
127526
422547
538545
426622
656352
158526
137528
155746
437746
122528
132725
535557
637427
538527
657557
152645
657722
428528
558627
655555
457447
552758
556756
426758
537522
556327
137556
138527
132442
622628
627528
156455
128642
137355
522755
628342
457425
155752
522746
425642
628448
625727
632526
557558
555657
428348
125556
137347
558757
622426
557522
655547
157558
626526
156748
655427
638742
128458
637345
525547
138752
436527
426548
527745
157555
425348
555756
538757
652425
158747
622547
426625
538647
635558
532345
658728
126556
126547
627757
138657
556752
427427
156355
127446
527722
522352
128355
555425
532347
155548
427356
422755
652527
656428
437428
156427
132727
132425
152526
137426
657447
427547
137446
535558
122728
132642
522425
427555
655522
432355
657626
527542
422327
637542
426642
137558
522757
537422
138755
657345
555348
458442
428346
456625
632525
437747
638626
458325
132458
435757
127645
626655
157547
658542
137642
137745
125742
127547
128757
535658
125548
638348
626357
428342
458348
632445
626355
457752
138447
426347
135422
625446
452752
438756
636552
152446
455755
532445
555626
438458
527527
635358
535427
436655
536727
128648
425358
557342
636646
156755
635326
126527
625355
438452
428352
628656
656548
432527
132356
455647
555455
552546
438556
132328
435426
626527
452526
156345
157427
632558
137522
627752
538526
122755
626322
137425
155345
156328
628355
622622
157628
437352
522328
622745
425355
436358
132622
536522
435447
627555
627628
625548
132628
555655
625758
435422
155546
532658
555725
422352
528442
525527
125345
522756
652342
626358
552658
526526
432525
432722
138348
527526
137342
655626
638428
135345
426547
652647
525628
638758
156746
425627
158756
137526
125547
638548
532755
628742
422342
158647
435756
635557
638648
125657
137625
136648
522652
456522
522548
458622
437547
435647
425447
658327
135642
635648
452546
635422
452522
132655
127427
527457
458555
552352
655758
625756
536656
157758
525625
422425
135728
122427
626752
426455
437346
438656
435526
155456
156626
655757
557352
635526
555527
535758
527427
626728
152527
422727
455455
522747
626555
432546
457528
132557
452452
537356
455628
638645
535645
422326
126746
625626
638342
638525
455745
632358
557542
435652
627422
426748
156525
135522
536528
658656
458342
127556
455556
136657
628322
552627
152556
158322
536622
657357
135645
438747
537622
552755
536455
456326
557642
138322
656448
537357
536425
535447
536322
622342
525745
558322
655327
155525
138626
532546
627726
628527
438552
158528
525348
538556
456646
536422
622725
627526
535345
638442
452448
156725
158355
452527
628356
425648
135545
138756
456348
555648
527545
638542
428648
538442
625747
436426
156528
127752
536545
625326
135656
536428
555526
537456
128756
532428
555322
636752
425646
455445
427646
122757
436752
127528
535652
637425
635322
155727
526358
126346
437522
522752
158352
137652
658455
557356
552447
636457
158527
135426
555427
132355
622748
527528
657342
127747
422746
457548
555728
127326
458328
535358
556458
138425
637747
155528
638345
436622
656445
558528
538428
556455
152426
455442
138345
437456
138356
128726
555746
637447
526558
438425
637326
626545
522457
438352
522555
126625
158357
128722
156552
426652
456426
558428
452457
158752
455355
136428
457646
135455
638557
436658
528557
127626
436648
426546
538557
132757
156456
135622
452345
556548
122646
458757
632658
628447
527652
536722
435348
535426
436547
652726
456447
137325
126627
455325
137627
136355
636757
125722
635625
122756
528655
137455
535555
636728
555528
157642
455547
652746
557355
658755
425445
638627
557357
137546
552348
425427
137658
428458
536548
555726
556456
636525
436457
438322
456648
422526
136625
136756
428526
428628
152457
552345
437625
632655
526328
455326
436722
626425
557326
552428
525455
435525
126757
537556
655752
135445
532556
552647
536757
422522
625752
532522
126342
626755
457552
138326
536742
622445
522625
657448
538546
525422
126655
457346
126326
552325
525646
458345
637658
637452
138358
632656
552328
527557
438752
438345
622657
132342
526457
626647
457555
535455
152622
652722
632455
137525
628558
656745
627625
427447
655352
138625
435758
438358
652457
635522
657525
552747
156745
438727
122742
452646
152355
155625
526356
458522
526455
632356
155647
436352
638722
436725
555345
452542
135648
138352
658722
428758
125357
637327
622755
427645
132345
537428
135325
537328
152555
627442
457356
458728
426427
457722
428557
425425
535425
522347
455342
558622
452458
457652
628725
152456
656628
536747
632748
532722
557627
458422
655322
155446
552347
538325
627426
426448
132445
155326
128742
425556
527352
632657
652548
132555
432645
558458
627646
537557
658757
556547
527328
552625
536746
437552
155427
122425
556422
532355
137357
132548
528625
457645
125327
522655
522722
438347
538552
625442
432442
637725
455627
157356
158657
425345
122342
436445
535355
152425
455656
526345
458745
657728
436452
138446
626758
625346
655628
157426
652355
555642
555558
535646
452425
426325
126557
637456
622422
427648
126348
152657
558548
627456
522427
425342
452358
538422
455555
138456
458322
128422
128727
525655
537455
638745
136746
528745
632426
658348
426757
126726
626652
525352
652525
657422
658426
622348
636452
638422
638746
426442
555548
557528
555426
627627
556722
122346
436525
126742
132756
626442
526348
438522
537728
437525
456647
128358
136546
522647
656658
628327
635626
436422
452348
526442
538727
435325
455645
128626
122355
558648
156325
127345
128555
528326
537447
638445
125627
126327
157342
452342
528545
125352
552626
637625
652322
635656
152448
458722
452355
436758
137747
622527
555328
538746
628428
152548
636422
527746
526645
127627
657328
135356
632742
627552
456428
637342
458625
426348
522527
626542
458552
436346
158458
522327
652357
555656
438342
556522
658456
136526
128652
657457
425525
556528
636758
425656
156628
538625
137728
122452
158442
157425
428647
632555
126555
452556
626347
135357
428546
122426
452558
628345
628655
556555
636526
632458
657556
638457
557546
156556
626658
428347
536552
628358
428355
138627
558542
128348
627348
557655
525458
127726
436548
538456
125642
458456
457746
457427
652448
527342
458347
122726
528347
622558
526546
537628
628748
425548
656457
532552
136422
422747
635425
556545
556326
427327
128552
557445
158642
425752
656547
426645
532622
437756
126542
122455
636755
135746
425555
425356
155558
435727
655355
538345
437726
655656
535357
632652
536758
126525
422756
138546
136452
156428
122627
537646
635556
157528
637552
525656
638656
535458
655622
637627
528722
536752
652556
452746
537457
635752
152352
457442
625422
522355
638655
435442
625655
622455
652756
625347
538555
536655
657346
157328
457658
658622
538745
158545
555357
538652
155356
538657
522446
637347
556755
625746
135442
127658
127455
527346
558525
126328
558725
535325
537748
625452
656322
455648
436742
457756
536325
136642
156555
428545
157655
135646
526357
557422
655452
427528
655557
638755
122526
422428
437546
452426
526556
458747
632557
635547
537526
155642
558527
637428
525757
522326
638328
658427
426755
637527
455747
635647
637352
527628
532747
658726
437326
627446
428722
456355
157625
457728
626427
157355
528356
425426
635428
428358
455657
628747
532657
557752
427745
122322
136655
425628
536547
455726
557658
422456
537752
127552
137657
125656
657348
455658
426746
137758
426628
525542
152656
632726
536748
555722
555555
135452
522726
526722
528746
626558
426752
522622
637548
635756
635745
535647
426556
555742
132448
527448
122645
638522
437742
552742
658756
427526
632725
655356
137427
137442
152652
537552
456627
636426
137742
157752
422357
626422
125455
456747
525427
425757
622526
136758
532557
555326
136447
552748
128452
455748
137356
532646
126455
126356
452422
528552
456657
456442
528626
428446
626657
436748
456742
657642
558456
636742
428327
426352
435547
432552
458426
422442
135752
432425
455522
455526
136456
522522
637648
436626
457457
552346
432628
435322
636555
452728
557555
122327
537726
627756
538447
136745
632542
135655
558356
628646
625656
437425
152628
552427
128327
536657
126728
535348
427346
657355
157445
655325
527728
427345
526346
156728
138747
136357
525456
657555
435428
525327
537548
555652
137458
637358
522658
536658
637455
427548
635357
538455
158346
526625
428726
527626
655442
558447
528728
528648
136525
626625
422722
536458
157527
536647
452758
457742
528556
152745
136647
528448
532757
628657
125558
432746
135526
657628
437657
532627
656327
427342
155756
425756
535525
557358
138648
637356
657725
627548
426526
435747
127522
637642
522528
122352
432547
138452
127447
457355
427525
432625
457758
628648
427722
428755
556452
455752
138727
422646
636547
156458
658752
137655
458626
528447
658522
132427
657727
455542
556328
655346
652646
128456
525428
535428
455357
157756
622428
126548
555442
125456
625322
438546
557747
452326
132346
135528
456757
525356
122428
625728
436357
525658
122655
557656
625357
125347
636455
632746
656646
537742
435625
427348
426425
437328
422448
428642
657528
556642
652628
455528
426742
137445
452528
436347
132745
535726
636548
455758
522428
136726
427446
622525
426357
635545
638526
158446
126748
536346
638356
132646
656458
426657
556757
626446
425442
528352
632645
626627
635646
557652
656558
136652
155646
125342
555552
455358
457757
126658
156652
658625
422656
525728
655625
626748
158428
632642
528345
458645
132326
136626
157458
125446
436646
137428
422458
458326
132656
526758
132457
532447
527355
635746
528428
556357
637727
526728
536646
128647
158757
555458
625547
635452
528526
437652
452655
156625
552725
128658
432356
158625
122657
457627
652542
458458
125346
126558
427752
536556
436442
125725
627645
155327
135327
126656
432648
556747
632428
627557
157745
536327
152626
622726
632446
537347
136752
536542
135552
557648
452727
437758
535322
456557
452647
132746
152756
556725
135755
525548
428552
132658
526642
425652
658358
432758
158327
556342
126657
152545
555352
122348
626326
136747
526742
558755
557452
556748
158552
152452
157446
438646
636322
137422
637746
422652
436425
656546
158646
456727
155748
525452
127722
535627
125427
122345
637755
526626
456725
432428
137448
432327
455557
526547
557527
537345
532346
422527
552322
428455
538747
157526
125626
626458
525752
528758
557346
456456
137457
126522
422528
526756
458656
557442
558752
628645
428345
432352
628555
422556
127342
127555
436455
127655
656326
426722
138542
456528
422622
136656
528555
556527
126752
132648
152327
157548
432622
436652
525355
628455
428328
538446
655458
625448
422645
632622
425522
537327
652447
635342
132755
536347
128322
128542
638358
455756
522545
155442
126325
532626
425725
138658
526745
627656
655358
627748
527558
152757
555758
435642
456448
157327
655558
137726
537425
437327
438426
522556
126426
636458
458427
532426
432522
658447
156356
136356
457428
456446
636546
625556
536357
555447
658642
157725
138557
526646
437656
637528
136748
556556
656347
528458
655527
156357
656328
526528
626552
628642
137722
558658
526545
158542
622427
552326
122747
125645
538752
432456
657745
437448
657752
527757
656456
125652
152442
528327
135447
558747
525325
622546
535728
127442
155545
156326
632755
558748
522725
137327
536652
128352
452742
555446
657526
637357
528322
535356
436627
638727
622458
437622
557745
525645
136722
552752
138647
658658
652622
435347
636556
428757
632322
522626
528357
536457
636727
537352
457545
658345
156447
627457
125442
456656
435427
538348
535745
157428
136557
528445
158455
432357
425552
528346
435722
635348
652742
152346
156627
638355
438758
627727
555346
458346
555556
527345
537727
125755
155426
636656
637728
657656
636348
656552
537542
632447
138357
438528
627722
538322
637556
537758
557557
535445
122458
635548
157525
522448
635726
432455
552756
426745
635446
157358
632422
532442
526355
126758
437755
655747
422542
436552
632625
558745
125545
126626
152647
125648
137322
658555
535722
657748
458758
125458
557622
525657
458755
538655
656556
526757
622646
437725
652626
525556
655348
436458
528328
456327
635542
558646
538755
156658
635642
427452
558442
627347
537747
628647
656655
525446
638622
138428
635722
638327
137557
625456
432646
522348
622652
137656
437748
138458
532728
656642
657652
532745
158452
422626
436528
656726
552757
157326
135355
136646
436557
526325
138328
152552
552555
625628
525726
635455
152648
457452
655545
557525
138448
532448
135322
152547
532327
655342
628547
656452
627356
427428
456748
427726
532547
138656
156425
658525
528647
458748
658626
156327
455626
438442
655652
128442
527548
457542
636647
437752
152345
656526
656757
426648
126448
556646
426627
156655
652428
522356
628625
425727
435355
157757
137547
627326
425456
528522
127625
125748
122656
456546
635448
635442
455722
625527
552445
438745
437655
128556
652752
452626
622528
625545
537528
436447
135527
525742
425658
428657
435557
622452
535642
437542
528348
437452
636628
658745
628556
526347
427757
627657
535352
528727
622325
655525
126322
426552
132747
652446
127525
422452
658527
652327
632647
636352
132322
538522
556627
438757
432757
432446
656625
455446
136552
432652
432727
425327
622727
457547
657446
622757
655345
625356
125747
126647
627725
457622
452545
536756
156742
658342
136527
626745
627445
622728
156542
156347
438346
622358
158627
638728
426452
435745
127445
627355
635328
456425
425745
136558
122648
656557
426355
627556
132526
535442
155722
126452
158326
158626
636655
555457
456548
428428
532356
555545
658326
128558
432657
122752
138426
437342
632546
556558
158522
432726
632628
625557
158652
622548
557628
435328
135628
152728
132645
636357
127322
457755
655546
558645
438328
155527
628628
428357
127428
558555
522648
655556
538452
128752
627747
537427
625348
152557
656652
552727
157346
622446
427627
557657
128545
552746
456358
632528
426457
538748
122525
558526
535328
426447
528622
555452
138526
625726
532425
138745
636756
456722
626342
632556
636627
652727
422742
526452
427656
558625
652648
138457
158758
556525
435342
535546
432526
525648
635355
152742
656455
637546
636326
155655
136346
526327
457422
536728
136622
552526
625648
655445
158358
652545
126545
536557
135756
137622
125448
428622
456628
522745
427655
437358
525358
456322
438527
156656
426542
636745
622656
455356
635757
625342
128448
427755
625645
657426
557328
458627
658442
158722
437722
625455
428745
537458
136327
127457
452347
435545
652657
657542
527727
122445
626646
552355
432358
426728
636527
527456
122542
556557
632345
122555
426428
626348
127352
538458
436625
427756
532548
552422
127656
435725
652547
632745
437446
635748
656645
156342
425455
458528
526527
655642
156727
126628
652326
532528
428427
438325
627546
456655
638346
122547
128546
452548
425626
558758
426522
535757
635747
556322
157357
552545
122727
625447
532742
528325
128527
538622
535327
528627
456746
155322
638357
457628
638322
627328
652356
658648
427658
122347
638748
456342
157648
626622
456356
437422
152528
636748
526746
626645
658457
152347
427557
155552
655722
636446
157652
622356
537348
525725
636445
635655
122557
155626
557426
125628
638456
556658
126528
625555
526658
558358
132327
437627
427455
557746
622658
556652
535422
128445
558558
522325
638657
135342
435556
625657
458327
155547
155422
452645
127425
152356
626626
526726
625725
628546
528547
157542
135725
622425
452657
157545
135546
526548
535448
435748
525328
437427
532357
557327
437728
558328
658322
558546
157646
428456
525345
127456
426528
458457
532555
656425
452755
637422
558425
626757
526655
656756
437648
558346
428627
125647
536526
536442
558352
438748
427742
657756
428326
627458
528658
657327
152752
528427
452656
127546
135757
437325
158656
422752
128547
435456
625542
155352
655627
537625
538356
627452
155758
635345
537756
522456
135548
425746
637346
438746
426525
436446
155455
525528
638448
457558
436327
156647
632457
552622
636542
158742
456728
557458
127558
658627
652445
452726
528446
422552
138558
155627
552745
627648
622746
632357
536726
135456
438445
128646
457546
125728
552628
537656
637742
136446
122622
158726
555422
422648
452652
426527
456452
458726
535522
422445
525755
626628
435555
536558
156352
555658
658357
625625
427728
456445
638646
538646
458628
535347
637645
426725
122626
655725
455746
428756
128625
655748
428322
635427
457655
152727
628422
436542
426456
122448
632756
437557
452346
132357
656555
456457
628456
125528
156348
432346
135727
535655
455352
656446
122658
536448
438542
158728
125727
428356
137358
128446
537558
635527
458756
555448
638552
657726
527758
555327
658645
457526
435327
428746
622722
655746
457726
535748
632747
555757
655742
622642
435425
652546
655658
458657
157722
535556
138556
527525
538627
532326
558557
135328
157447
522542
656647
122442
632326
636722
458428
435646
527348
432452
527547
658655
152325
437445
122326
557728
627542
155657
456652
525526
656528
128628
438558
628622
437426
128325
136458
157626
155648
526525
455348
432747
657757
126756
152525
122625
126445
125326
135347
422457
527325
138652
158356
637726
527357
528355
655526
158456
657746
157647
626428
655328
622627
625622
535326
422758
435522
136522
436427
458546
552722
132348
658352
137746
522346
636358
637655
135558
125522
436756
127422
426555
622556
452446
137542
152722
426446
636327
637522
655455
455655
557726
528628
637558
456658
422745
128645
136345
427746
532656
538358
638752
637458
437348
658557
632552
422627
535542
136322
656358
538645
627547
637752
558726
522526
427326
625345
537757
426346
127756
526522
125745
155555
128548
135352
636346
622752
558357
537446
532756
628442
558452
427325
535755
537647
437545
122746
538342
535625
526542
155526
135458
157657
422726
526628
628348
428747
552448
128755
422422
656422
128656
425347
625552
626648
428742
657352
435346
638642
438348
456547
555752
155355
522646
136455
132546
555625
128346
155628
658428
436647
127527
655646
155346
637622
636528
657545
536348
552656
438326
138422
652522
527747
557457
425326
527422
138522
627558
636347
438722
437442
127545
138427
626528
637325
556657
126546
638555
437628
432447
526446
527645
526456
126725
526425
655727
127347
558427
452557
135557
522357
455646
555646
158748
127548
538457
532625
656626
525447
136628
122446
522642
435455
626726
557758
525555
527627
636356
436727
627447
636522
535552
157552
632442
627525
136427
626356
432745
656427
656356
537655
555745
657548
138645
127542
157347
627745
135525
435628
652758
425428
422358
125752
458452
556647
536355
658628
625426
422628
127358
426558
156446
532748
557345
626452
556745
456645
622357
158447
522458
628325
538758
455322
558722
638426
152322
655728
537652
426356
155755
138548
558727
157452
432347
455525
622448
135542
125428
657427
556526
622522
636622
638547
458655
425457
156426
536555
537745
526426
126422
457347
456455
527522
458525
537445
122456
538448
628328
652427
626448
156322
138528
458742
435658
427442
652652
537525
632452
438456
428448
526447
527642
622756
522558
456545
622747
557645
138355
538547
535545
158426
435446
435755
137346
626345
652426
635528
537546
556348
655448
436448
428457
558652
655726
137645
538742
632627
552548
628746
652658
652458
627428
632325
537326
135627
558647
538357
532655
522447
626346
538352
156422
436746
132722
426626
558446
152646
655347
436555
632327
138748
152522
158655
435645
657747
137452
135747
138726
128326
126646
628757
652557
555325
136328
137555
532325
625652
456556
128627
622625
457527
655745
552356
122652
556726
428727
657648
557456
455346
527358
532725
437558
636658
455427
438658
437626
426557
656345
438555
127426
427358
152627
428646
527647
652345
538327
457557
425325
128357
627425
458646
652656
452722
126352
427542
658742
422546
128655
157546
132452
557552
627358
637656
555525
456527
622442
557556
658325
156747
157352
655647
456626
528525
132422
526342
455345
556758
425647
457647
127647
152748
557427
432656
652642
132528
627658
627545
128657
535526
627522
532352
657645
526727
127746
152427
526555
635755
556542
626642
132558
556655
422655
155445
435648
137527
657458
652655
637646
156442
136445
456357
555546
455328
622742
438455
638658
556448
637426
158628
536627
525558
628357
436326
657646
127646
522742
655428
127327
137447
532648
657347
428425
626547
157727
138742
526622
132347
136448
152357
558746
428626
455652
126456
552645
432457
622557
452756
432528
458358
626548
426647
527625
526352
437757
525445
436628
538328
428548
437658
528646
658727
628427
652725
657428
426726
152758
635552
652442
658422
138346
436526
528642
622326
138728
452747
427426
658546
437548
632355
427522
432742
628525
535648
426426
137748
155348
158457
536452
527655
436325
432756
535548
435546
138555
628528
426545
458557
438655
638352
556728
136728
525346
557748
527752
635627
555542
552648
135358
535657
436745
425726
132626
452642
522358
455458
635457
138347
656627
127657
158342
536628
558728
658446
538756
557742
638625
427458
126652
456325
657625
655648
552547
137646
156448
637748
555622
452327
655447
457342
632548
438626
628726
458658
657622
622645
526652
626656
558348
628727
532526
135722
535626
125726
127557
122725
635628
525552
127325
536745
632427
622456
632728
558642
132556
136727
655425
432325
625745
455447
132627
627742
135657
528457
138455
436657
536525
137348
538626
155325
525426
636428
137548
655422
126745
552446
458425
635658
527646
625546
428522
158345
555342
558422
625742
422355
425645
522426
652625
556356
555428
452356
427642
157726
658547
626522
637355
528756
137648
437527
627342
456642
525557
457525
432658
528657
622447
657658
426445
436645
438557
155645
632722
427748
125557
428445
522656
128526
425458
622355
428656
558556
457328
652747
636642
658657
626456
652757
538445
537645
427758
555557
138622
657442
426756
535742
558355
527656
155747
457345
127642
136757
626742
652555
438628
158645
538326
438647
125542
126358
152328
632352
125746
426422
432647
438726
455558
655756
156756
632448
556447
626445
438355
127745
126622
155522
156547
622555
628557
556546
136325
527648
452445
127628
526445
556325
652528
552455
427628
458648
552525
157442
158648
427556
432626
435358
536358
532545
456542
535725
126645
132748
132428
628627
537322
458352
425542
435458
132545
525756
455425
636725
657758
422642
435452
635346
655426
526448
152445
422757
552655
456745
122722
522628
635725
527445
135428
622322
436656
625627
637745
435622
638458
455448
128457
155652
637446
522455
637445
138442
122748
127357
458642
626457
135658
522758
157322
535456
652558
528742
527442
425352
636557
552556
526657
458545
538346
135748
156548
528425
125358
638527
552527
635546
436322
636342
628542
136725
528456
652347
525425
437646
422345
527726
622648
158745
125555
527555
556346
658747
557647
122356
636648
525722
637457
625528
122628
122647
455725
528757
427652
122558
136542
537545
127758
425357
626447
656325
552456
156757
457748
522442
455545
125325
458357
625445
158555
636657
628326
125658
155447
535528
425448
658558
657425
457357
558657
632425
425657
536328
132522
558742
137552
126526
122422
656522
422346
158448
458746
455728
658548
638647
156452
422728
637628
635347
156457
525522
132552
538722
455452
432642
425322
422555
532457
636645
658545
422545
622655
122548
428625
452748
556457
638447
428748
122325
155745
536625
656426
658328
656742
435345
428658
136352
638455
155458
657445
636545
532752
552357
556746
522727
652755
537452
638446
658552
458652
557646
657547
635456
155742
437555
536456
632758
152746
627345
452442
438422
635555
656542
127356
522422
556727
632752
136645
527622
427445
638427
157747
157746
458527
627527
632547
626327
425527
122545
627626
136326
427527
555355
157728
128342
627427
525727
556645
158746
522445
628352
152326
635458
527748
526656
552728
525457
155452
622552
125655
457448
552457
127348
437345
456352
658725
655548
426658
428527
436356
628755
525627
456525
632757
425655
527455
455327
528426
455457
426326
425625
125447
537657
552542
152447
135346
657455
122358
635356
432426
652422
125426
635445
522525
458725
528726
655456
536427
626727
632522
428655
138646
435552
422548
132752
538725
627455
457458
522557
436522
125525
528748
658346
637758
432427
625522
152642
456458
456526
652328
158348
452757
636558
525347
157522
137456
157448
157627
158755
632626
558626
136347
438545
425328
538427
435352
437528
536345
428725
625647
535727
625526
628722
552452
132446
125526
438448
658347
158525
558445
628626
137755
125622
657655
432755
427425
427725
132456
432322
126345
155358
532645
136547
457626
558448
432545
458355
532422
452456
552442
536326
556355
432555
455742
628452
635352
532628
428525
425446
158347
458727
437347
536626
525647
628758
656722
635728
632545
125646
125328
652526
528542
628446
126648
137727
155425
135448
155342
536546
432557
156642
455552
126722
657522
137352
422447
435656
457656
425547
532726
632328
637448
555547
428542
425722
136755
136658
456726
536725
152358
638747
452725
125452
158725
137757
152658
425758
622457
437556
132525
652627
638558
138722
625757
626747
122522
536446
527446
437642
432548
658458
535628
426727
456347
636448
555347
627622
156646
626455
627728
138445
136358
637557
632342
425622
636328
628457
528455
456555
158325
555647
632527
438645
438547
637545
622758
627647
438356
438548
157557
127757
425557
435742
122527
456755
126347
635327
128622
628526
458445
156752
155725
426345
458647
538648
525442
655655
132455
425742
657742
656545
132527
128426
636625
656728
437357
126552
635622
427457
426646
128758
425545
437356
155557
438625
455347
522728
528358
156557
532542
452325
458447
555358
427727
558628
535747
635525
635325
532458
557626
526458
526427
656758
537448
128356
137628
436348
122457
637626
435728
138758
126727
555748
558327
552327
126425
528422
422325
436328
658356
652348
657647
537442
158427
155428
438447
656657
525652
136556
628652
526725
138547
156726
535622
638347
526326
522546
156526
528528
422328
528342
136442
532746
425528
538558
555522
437457
655552
537355
435445
628425
627346
136425
537626
557448
528656
552657
527546
456752
657546
527755
125355
155357
457445
538658
457352
132647
532342
128425
625755
152458
638528
422625
538525
125756
527426
537746
527326
436755
157658
435558
432748
152558
658746
538548
626352
125552
137345
432458
558547
127458
457556
526747
656747
435626
638452
652455
557526
625457
438725
622545
636652
432326
557545
158547
556425
427546
456758
127346
127755
655326
628426
436728
658452
537325
527425
536426
626557
537527
558326
427448
426342
557756
525748
658445
655446
152428
628752
627652
538542
425747
457325
157622
436456
625558
427545
126442
438648
128522
557625
636746
155728
422748
422356
452328
458547
627352
628658
455426
135326
428556
455428
458752
532525
435627
652456
135726
455757
628445
128728
432752
126446
525545
437745
652728
656727
657326
125625
525746
125356
155448
126457
158328
626325
456622
535342
452648
456422
636425
556626
426656
626746
628745
428555
638756
452447
435528
457657
658647
532452
536648
155757
127452
655528
152755
527458
555727
455622
435548
637722
538528
625748
626725
137545
137725
127355
558342
427322
535457
422348
457322
638545
457426
525525
427622
658652
656622
528645
656648
556625
438622
455642
627655
538656
135652
558756
627758
457326
